ccomp_2019-10-16	233707	233701	233701	233703
ccomp_2019-10-21	233700	233703	233707	233703
ccomp_2019-10-21-frtlblock	233679	233657	233657	233667
ccomp_2019-10-21-frtlblock_prepass_list	248036	248098	248097	248036
ccomp_2019-10-21-frtlblock_prepass_revlist	241558	241550	241566	241563
ccomp_2019-10-21_sifive-frtlblock_prepass_revlist	230132	230123	230138	230119
ccomp_2019-10-21_sifive-frtlblock_prepass_list		231617	231615	231619231622
ccomp + hand optimization				149723
gcc	580851	580813	580811	580746
gcc -O	222936	222948	222945	222917
gcc -O2	189396	189400	189402	189402
gcc -O3	736984	743005	736942	736965
